Data_Preparation:
 test_size: 0.25
 random_state: 01

Train:
  Random_Forest:
    n_estimators: 155
    criterion: 'squared_error'
    max_depth: 13
    max_features: 1
    min_samples_split: 7
    min_samples_leaf: 1
    max_samples: 0.7012475502863147
    verbose: 1
    n_jobs: -1
  
  LightGBM:
    n_estimators: 447
    max_depth: 39
    learning_rate: 0.1625502355269982
    subsample: 0.9932492663850201
    min_child_weight: 9.852259618556552
    min_split_gain: 0.008971029511755546
    reg_lambda: 73.56565399499785
    n_jobs: -1